1651 2 3800 1 3e8
0
-85
88
-5
-82
90
-10
-79
92
-16
-76
94
-21
-72
96
-27
-68
97
-32
-64
98
-37
-60
99
-42
-55
99
-47
-50
99
-52
-46
99
-56
-41
99
-61
-36
98
-65
-30
97
-69
-25
96
-73
-20
94
-77
-14
92
-80
-9
90
-83
-3
87
-86
1
84
-89
7
81
-91
12
78
-93
17
75
-95
23
71
-96
28
67
-98
33
63
-99
38
58
-99
43
54
-99
48
49
-99
53
44
-99
58
39
-99
62
34
-98
66
29
-97
70
64
-80
-52
89
38
-95
-23
98
7
-100
7
98
-23
-95
38
89
-52
-80
64
70
-76
-58
85
45
-92
-30
97
15
-99
0
99
-15
-97
30
92
-45
-85
58
76
-70
-64
80
52
-89
-38
95
23
-98
-7
99
-7
-98
23
95
-38
-89
52
80
-64
-70
76
58
-85
-45
92
30
-97
-15
99
0
-99
15
97
-30
-92
45
85
-58
-76
70
64
-80
-52
89
38
-95
-23
98
7
-100
7
98
-23
-95
38
89
-52
-80
64
70
-90
-10
97
-53
-61
94
0
-94
63
52
-97
12
89
-71
-41
99
-24
-83
79
30
-99
35
76
-86
-19
99
-46
-68
91
7
-96
56
59
-95
3
92
-65
-49
98
-15
-88
73
38
-99
27
81
-81
-27
99
-38
-74
87
16
-98
48
66
-92
-4
95
-58
-56
96
-7
-91
67
46
-98
18
86
-76
-36
99
-30
-79
83
24
-99
41
72
-89
-13
97
-51
-63
93
1
-94
61
54
-97
10
90
-70
-43
99
-21
-84
78
33
-100
27
84
-75
-42
98
-12
-91
63
56
-95
-3
96
-50
-68
89
18
-99
36
79
-80
-33
99
-21
-87
70
48
-97
6
94
-58
-61
92
9
-98
45
72
-86
-24
99
-30
-82
77
39
-99
15
90
-66
-53
96
0
-96
53
66
-90
-15
99
-39
-77
82
30
-99
24
86
-72
-45
98
-9
-92
61
58
-94
-6
97
-48
-70
87
21
-99
33
80
-79
-36
99
-18
-89
68
50
-96
3
95
-56
-63
91
12
-98
42
75
-84
-27
100
-13
-96
38
86
-61
-69
80
48
-93
-23
99
-3
-98
29
90
-53
-76
73
56
-89
-33
97
7
-99
19
94
-44
-82
66
64
-84
-42
95
17
-99
9
97
-35
-88
58
72
-78
-51
91
27
-99
0
99
-25
-92
50
79
-71
-60
87
36
-97
-10
99
-15
-95
41
84
-63
-67
81
46
-94
-21
99
-5
-98
31
89
-55
-75
75
54
-90
-30
98
4
-99
21
93
-46
-81
68
63
-85
-40
96
14
-99
11
96
-37
-86
60
70
-95
21
75
-93
14
80
-90
6
84
-87
0
87
-83
-7
91
-79
-14
93
-75
-21
96
-70
-28
97
-64
-35
99
-59
-42
99
-53
-48
99
-47
-54
99
-40
-60
98
-33
-66
97
-26
-71
95
-19
-76
93
-12
-80
90
-5
-84
87
1
-88
83
8
-91
79
15
-94
74
23
-96
69
30
-98
63
36
-99
58
43
-99
52
49
-99
45
55
-99
39
61
-98
32
67
-97
25
72
-95
18
77
-92
11
81
-89
4
85
-86
-2
89
-60
-66
85
35
-98
0
98
-36
-85
67
60
-89
-27
99
-8
-96
43
80
-73
-53
92
19
-99
16
93
-51
-75
78
46
-95
-11
99
-25
-90
58
69
-83
-38
97
3
-98
32
86
-64
-63
87
31
-99
5
97
-40
-82
70
56
-91
-23
99
-13
-94
48
77
-76
-49
94
14
-99
21
92
-55
-71
81
42
-96
-6
99
-29
-88
62
65
-86
-34
98
-1
-97
37
84
-68
-59
90
26
-99
10
95
-45
-79
74
52
-93
-18
99
-42
-63
97
-19
-79
88
4
-92
74
27
-98
56
50
-99
35
69
-94
11
84
-84
-12
94
-69
-35
99
-49
-56
98
-27
-75
91
-3
-88
79
20
-97
62
43
-99
42
63
-97
19
80
-88
-4
92
-74
-28
98
-56
-50
99
-35
-69
94
-11
-84
84
12
-95
68
35
-99
49
57
-98
27
75
-91
3
88
-79
-20
97
-62
-43
99
-42
-63
96
-19
-80
88
4
-92
74
28
-98
56
50
-99
34
69
-94
11
84
-84
-12
95
-64
-46
99
-29
-77
87
11
-96
61
49
-99
25
79
-85
-14
97
-58
-52
98
-21
-82
83
18
-97
55
55
-97
18
84
-81
-22
98
-52
-59
97
-14
-86
79
25
-99
49
62
-96
10
88
-77
-29
99
-45
-64
94
-6
-89
74
33
-99
42
67
-93
3
91
-72
-36
99
-38
-70
92
0
-92
69
40
-99
35
73
-90
-4
94
-66
-43
99
-31
-75
89
8
-95
63
46
-99
28
78
-87
-11
96
-61
-50
99
-24
-80
85
15
-99
30
85
-70
-52
95
7
-98
38
80
-76
-45
97
0
-97
45
76
-80
-38
98
-7
-95
52
70
-85
-30
99
-15
-92
58
64
-89
-23
100
-23
-89
64
58
-92
-15
99
-30
-85
70
52
-95
-7
98
-38
-80
76
45
-97
0
97
-45
-76
80
38
-98
7
95
-52
-70
85
30
-99
15
92
-58
-64
89
23
-100
23
89
-64
-58
92
15
-99
30
85
-70
-52
95
7
-98
38
80
-76
-45
97
0
-97
45
76
-80
-38
