1651 2 3800 1 3e8
0
1713
-1767
109
1654
-1816
219
1589
-1859
328
1520
-1897
436
1447
-1929
542
1369
-1955
647
1286
-1975
750
1200
-1989
851
1111
-1997
949
1018
-1999
1044
921
-1996
1137
823
-1986
1225
721
-1970
1310
618
-1948
1391
512
-1920
1468
405
-1887
1541
297
-1847
1608
188
-1802
1671
78
-1752
1729
-31
-1697
1782
-141
-1636
1829
-250
-1570
1870
-359
-1500
1906
-466
-1425
1937
-573
-1346
1961
-677
-1262
1980
-779
-1175
1992
-879
-1084
1999
-977
-990
1999
-1071
-894
1993
-1162
-794
1982
-1250
-692
1964
-1334
-588
1941
-1414
-1298
1618
1045
-1781
-765
1902
466
-1975
-156
2000
-156
-1975
466
1902
-765
-1782
1044
1618
-1298
-1414
1520
1175
-1705
-908
1847
618
-1944
-312
1993
0
-1993
312
1944
-618
-1847
907
1705
-1175
-1520
1414
1298
-1617
-1045
1781
765
-1902
-466
1975
156
-1999
156
1975
-466
-1902
765
1782
-1044
-1618
1298
1414
-1520
-1175
1705
908
-1847
-618
1944
312
-1993
0
1993
-312
-1944
618
1847
-907
-1705
1175
1520
-1414
-1298
1617
1045
-1781
-765
1902
466
-1975
-156
2000
-156
-1975
466
1902
-765
-1782
1044
1618
-1298
-1414
1802
219
-1948
1071
1238
-1892
15
1881
-1262
-1045
1955
-250
-1789
1436
837
-1991
482
1671
-1589
-618
1999
-706
-1531
1721
390
-1980
921
1369
-1829
-156
1933
-1124
-1188
1911
-78
-1859
1310
990
-1967
312
1760
-1479
-779
1996
-542
-1636
1627
558
-1996
765
1489
-1752
-328
1970
-977
-1322
1853
94
-1916
1175
1137
-1929
141
1835
-1357
-935
1977
-374
-1729
1520
721
-1999
603
1599
-1662
-497
1992
-822
-1447
1781
266
-1958
1031
1274
-1876
-31
1897
-1225
-1084
1944
-203
-1809
1403
879
-1986
436
1697
-1560
-662
2000
-557
-1688
1500
851
-1975
250
1835
-1274
-1124
1902
62
-1937
1018
1369
-1781
-374
1991
-736
-1580
1617
677
-1996
436
1752
-1414
-963
1951
-125
-1881
1175
1225
-1859
-188
1964
-907
-1458
1721
497
-1999
617
1654
-1541
-794
1984
-312
-1809
1322
1071
-1920
0
1920
-1071
-1322
1809
312
-1984
794
1541
-1654
-618
1999
-497
-1721
1457
908
-1964
188
1859
-1225
-1175
1881
125
-1951
963
1414
-1752
-436
1996
-677
-1618
1580
736
-1991
374
1782
-1369
-1018
1937
-62
-1902
1124
1274
-1835
-250
1975
-851
-1500
1688
558
-2000
266
1929
-779
-1721
1238
1391
-1608
-963
1865
466
-1989
62
1972
-587
-1816
1071
1531
-1479
-1137
1781
662
-1958
-141
1996
-390
-1892
893
1654
-1334
-1299
1680
851
-1906
-344
1998
-188
-1948
706
1760
-1175
-1447
1560
1031
-1835
-543
1980
15
-1984
512
1847
-1004
-1580
1425
1200
-1744
-736
1940
219
-1999
312
1916
-822
-1697
1274
1357
-1636
-922
1881
421
-1993
109
1964
-632
-1796
1111
1500
-1510
-1098
1802
618
-1967
-94
1992
-436
-1876
935
1627
-1368
-1262
1705
808
-1920
-297
1999
-234
-1937
750
1737
-1213
-1414
1918
-423
-1512
1873
-281
-1603
1817
-138
-1685
1752
6
-1758
1678
150
-1822
1595
294
-1877
1504
436
-1922
1405
576
-1957
1298
712
-1981
1185
846
-1996
1066
974
-1999
941
1098
-1993
811
1215
-1976
677
1327
-1949
539
1431
-1911
399
1529
-1864
256
1618
-1806
112
1698
-1740
-31
1770
-1664
-175
1833
-1580
-319
1886
-1487
-461
1929
-1387
-600
1962
-1279
-736
1985
-1165
-868
1997
-1044
-996
1999
-919
-1119
1991
-788
-1235
1972
-653
-1346
1943
-515
-1449
1904
-374
-1545
1854
-231
-1632
1796
-87
-1711
1727
56
-1782
1218
1336
-1706
-713
1967
-5
-1965
724
1700
-1345
-1208
1787
555
-1990
172
1927
-876
-1607
1464
1071
-1855
-393
1999
-337
-1876
1023
1502
-1572
-927
1911
229
-1995
500
1812
-1162
-1387
1669
777
-1953
-63
1976
-659
-1735
1293
1262
-1755
-621
1982
-103
-1944
814
1647
-1416
-1129
1829
461
-1997
269
1899
-963
-1547
1528
988
-1890
-297
1998
-433
-1840
1105
1436
-1630
-840
1937
132
-1986
593
1769
-1240
-1315
1721
686
-1972
34
1959
-750
-1685
1366
1186
-1800
-528
1993
-200
-1919
902
1590
-1483
-1047
1866
365
-1999
856
1265
-1941
399
1599
-1770
-82
1840
-1495
-558
1974
-1134
-1002
1993
-706
-1387
1896
-237
-1692
1688
244
-1898
1382
713
-1993
996
1139
-1973
551
1500
-1837
74
1773
-1595
-405
1943
-1259
-863
1999
-851
-1270
1940
-392
-1603
1767
88
-1843
1491
564
-1975
1128
1007
-1992
700
1392
-1894
231
1695
-1685
-251
1900
-1377
-719
1994
-990
-1145
1972
-545
-1504
1835
-68
-1776
1591
412
-1944
1254
868
-1999
845
1275
-1938
386
1607
-1764
-94
1845
-1487
-570
1976
-1123
-1013
1992
-694
-1396
1892
-225
-1698
1681
257
-1902
1291
925
-1991
581
1551
-1755
-223
1924
-1232
-991
1982
-509
-1597
1718
297
-1943
1172
1056
-1971
435
1641
-1678
-372
1959
-1110
-1119
1957
-362
-1683
1636
445
-1973
1047
1180
-1940
287
1723
-1591
-518
1984
-982
-1240
1921
-212
-1760
1544
591
-1992
915
1299
-1899
137
1794
-1495
-663
1997
-848
-1355
1874
-62
-1826
1444
733
-1999
779
1410
-1846
-12
1856
-1391
-803
1999
-709
-1462
1816
88
-1882
1336
871
-1996
638
1512
-1783
-163
1907
-1279
-938
1989
-566
-1561
1747
238
-1928
1220
1004
-1980
493
1607
-1710
-313
1993
-617
-1705
1413
1045
-1901
-157
1975
-764
-1618
1520
908
-1944
0
1944
-907
-1521
1617
765
-1975
156
1902
-1044
-1414
1705
618
-1993
312
1847
-1175
-1299
1781
467
-2000
466
1782
-1298
-1175
1847
313
-1993
617
1705
-1413
-1045
1901
157
-1975
765
1618
-1520
-908
1944
0
-1944
907
1521
-1617
-765
1975
-156
-1902
1044
1414
-1705
-618
1993
-312
-1847
1175
1299
-1781
-467
2000
-466
-1782
1298
1175
-1847
-313
1993
-617
-1705
1413
1045
-1902
-157
1975
-764
-1618
1520
908
-1944
0
1944
-907
-1521
1617
765
